1 000
80
8,7 %
8,7 %
914
2 000
160
8,7 %
8,6 %
1 827
3 000
240
8,7 %
8,7 %
2 741
4 000
320
8,7 %
8,6 %
3 654
5 000
400
8,7 %
8,7 %
4 568
6 000
480
8,7 %
8,7 %
5 481
7 000
560
8,7 %
8,7 %
6 395
8 000
640
8,7 %
8,6 %
7 308
9 000
720
8,7 %
8,7 %
8 222
10 000
800
8,7 %
8,6 %
9 135
11 000
880
8,7 %
8,7 %
10 049
12 000
960
8,7 %
8,7 %
10 962
13 000
1 040
8,7 %
8,7 %
11 876
14 000
1 120
8,7 %
8,6 %
12 789
15 000
1 200
8,7 %
11,2 %
13 696
16 000
1 280
10,2 %
12,5 %
14 367
17 000
1 360
10,3 %
12,5 %
15 242
18 000
1 440
10,9 %
37,0 %
16 031
19 000
1 520
12,3 %
37,0 %
16 661
20 000
1 600
13,5 %
37,0 %
17 290
21 000
1 680
14,7 %
37,0 %
17 920
22 000
1 760
15,6 %
34,5 %
18 568
23 000
1 840
16,4 %
36,6 %
19 218
24 000
1 920
17,3 %
36,6 %
19 852
25 000
2 000
18,1 %
36,6 %
20 487
26 000
2 080
18,8 %
36,6 %
21 121
27 000
2 160
19,4 %
37,9 %
21 755
28 000
2 240
20,2 %
43,7 %
22 334
29 000
2 320
21,0 %
43,6 %
22 898
30 000
2 400
21,8 %
43,6 %
23 461
31 000
2 480
22,5 %
43,7 %
24 025
32 000
2 560
23,2 %
40,7 %
24 588
33 000
2 640
23,7 %
38,8 %
25 194
34 000
2 720
24,1 %
38,8 %
25 806
35 000
2 800
24,5 %
38,8 %
26 418
36 000
2 880
24,9 %
38,8 %
27 029
37 000
2 960
25,4 %
49,5 %
27 610
38 000
3 040
26,0 %
49,5 %
28 115
39 000
3 120
26,6 %
49,5 %
28 621
40 000
3 200
27,2 %
49,5 %
29 126
41 000
3 280
27,7 %
49,5 %
29 631
42 000
3 360
28,2 %
49,5 %
30 137
43 000
3 440
28,7 %
49,5 %
30 642
44 000
3 520
29,2 %
49,5 %
31 148
45 000
3 600
29,7 %
49,5 %
31 653
46 000
3 680
30,1 %
49,5 %
32 159
47 000
3 760
30,5 %
49,5 %
32 664
48 000
3 840
30,9 %
49,5 %
33 169
49 000
3 920
31,3 %
49,5 %
33 675
50 000
4 000
31,6 %
49,5 %
34 180
51 000
4 080
32,0 %
49,5 %
34 686
52 000
4 160
32,3 %
49,5 %
35 191
53 000
4 240
32,6 %
49,5 %
35 697
54 000
4 320
33,0 %
49,5 %
36 202
55 000
4 400
33,3 %
49,5 %
36 707
56 000
4 480
33,5 %
49,5 %
37 213
57 000
4 560
33,8 %
52,2 %
37 718
58 000
4 640
34,2 %
53,0 %
38 193
59 000
4 720
34,5 %
53,0 %
38 663
60 000
4 800
34,8 %
53,0 %
39 133
61 000
4 880
35,1 %
53,0 %
39 603
62 000
4 960
35,4 %
53,0 %
40 073
63 000
5 040
35,6 %
53,0 %
40 543
64 000
5 120
35,9 %
53,0 %
41 013
65 000
5 200
36,2 %
53,0 %
41 483
66 000
5 280
36,4 %
53,0 %
41 953
67 000
5 360
36,7 %
53,0 %
42 423
68 000
5 440
36,9 %
53,0 %
42 893
69 000
5 520
37,2 %
53,0 %
43 363
70 000
5 600
37,4 %
53,0 %
43 833
71 000
5 680
37,6 %
52,2 %
44 305
72 000
5 760
37,8 %
52,2 %
44 783
73 000
5 840
38,0 %
52,2 %
45 261
74 000
5 920
38,2 %
52,2 %
45 739
75 000
6 000
38,4 %
52,2 %
46 217
76 000
6 080
38,6 %
52,2 %
46 696
77 000
6 160
38,7 %
52,2 %
47 174
78 000
6 240
38,9 %
52,2 %
47 652
79 000
6 320
39,1 %
52,2 %
48 130
80 000
6 400
39,2 %
52,2 %
48 608
81 000
6 480
39,4 %
52,2 %
49 087
82 000
6 560
39,6 %
52,2 %
49 565
83 000
6 640
39,7 %
52,2 %
50 043
84 000
6 720
39,9 %
52,2 %
50 521
85 000
6 800
40,0 %
52,2 %
50 999
86 000
6 880
40,1 %
52,2 %
51 478
87 000
6 960
40,3 %
52,2 %
51 956
88 000
7 040
40,4 %
52,2 %
52 434
89 000
7 120
40,5 %
52,2 %
52 912
90 000
7 200
40,7 %
52,2 %
53 390
91 000
7 280
40,8 %
52,2 %
53 868
92 000
7 360
40,9 %
52,2 %
54 347
93 000
7 440
41,0 %
52,2 %
54 825
94 000
7 520
41,2 %
50,4 %
55 303
95 000
7 600
41,3 %
50,2 %
55 799
96 000
7 680
41,4 %
57,6 %
56 297
97 000
7 760
41,5 %
59,2 %
56 720
98 000
7 840
41,7 %
59,2 %
57 128
99 000
7 920
41,9 %
59,2 %
57 536
100 000
8 000
42,1 %
59,2 %
57 944
101 000
8 080
42,2 %
59,2 %
58 351
102 000
8 160
42,4 %
59,2 %
58 759
103 000
8 240
42,6 %
59,2 %
59 167
104 000
8 320
42,7 %
59,2 %
59 574
105 000
8 400
42,9 %
59,2 %
59 982
106 000
8 480
43,0 %
59,2 %
60 390
107 000
8 560
43,2 %
59,2 %
60 797
108 000
8 640
43,3 %
59,2 %
61 205
109 000
8 720
43,5 %
59,2 %
61 613
110 000
8 800
43,6 %
59,2 %
62 021
111 000
8 880
43,8 %
59,2 %
62 428
112 000
8 960
43,9 %
59,2 %
62 836
113 000
9 040
44,0 %
59,2 %
63 244
114 000
9 120
44,2 %
59,2 %
63 651
115 000
9 200
44,3 %
59,2 %
64 059
116 000
9 280
44,4 %
59,2 %
64 467
117 000
9 360
44,6 %
59,2 %
64 874
118 000
9 440
44,7 %
59,2 %
65 282
119 000
9 520
44,8 %
59,2 %
65 690
120 000
9 600
44,9 %
59,2 %
66 098
121 000
9 680
45,0 %
59,2 %
66 505
122 000
9 760
45,2 %
59,2 %
66 913
123 000
9 840
45,3 %
59,2 %
67 321
124 000
9 920
45,4 %
59,2 %
67 728
125 000
10 000
45,5 %
59,2 %
68 136
126 000
10 080
45,6 %
59,2 %
68 544
127 000
10 160
45,7 %
59,2 %
68 952
128 000
10 240
45,8 %
59,2 %
69 359
129 000
10 320
45,9 %
59,2 %
69 767
130 000
10 400
46,0 %
59,2 %
70 175
131 000
10 480
46,1 %
59,2 %
70 582
132 000
10 560
46,2 %
59,2 %
70 990
133 000
10 640
46,3 %
59,2 %
71 398
134 000
10 720
46,4 %
59,2 %
71 805
135 000
10 800
46,5 %
59,2 %
72 213
136 000
10 880
46,6 %
59,2 %
72 621
137 000
10 960
46,7 %
59,2 %
73 029
138 000
11 040
46,8 %
59,2 %
73 436
139 000
11 120
46,9 %
59,2 %
73 844
140 000
11 200
47,0 %
59,2 %
74 252
141 000
11 280
47,1 %
59,2 %
74 659
142 000
11 360
47,1 %
59,2 %
75 067
143 000
11 440
47,2 %
59,2 %
75 475
144 000
11 520
47,3 %
59,2 %
75 882
145 000
11 600
47,4 %
59,2 %
76 290
146 000
11 680
47,5 %
59,2 %
76 698
147 000
11 760
47,5 %
59,2 %
77 106
148 000
11 840
47,6 %
59,2 %
77 513
149 000
11 920
47,7 %
59,2 %
77 921
150 000
12 000
47,8 %
59,2 %
78 329
151 000
12 080
47,9 %
59,2 %
78 736
152 000
12 160
47,9 %
59,2 %
79 144
153 000
12 240
48,0 %
59,2 %
79 552
154 000
12 320
48,1 %
59,2 %
79 960
155 000
12 400
48,2 %
59,2 %
80 367
156 000
12 480
48,2 %
59,2 %
80 775
157 000
12 560
48,3 %
58,8 %
81 183
158 000
12 640
48,4 %
58,0 %
81 590
159 000
12 720
48,4 %
58,0 %
82 010
160 000
12 800
48,5 %
58,0 %
82 430
161 000
12 880
48,5 %
58,0 %
82 850
162 000
12 960
48,6 %
58,0 %
83 270
163 000
13 040
48,7 %
58,0 %
83 689
164 000
13 120
48,7 %
58,0 %
84 109
165 000
13 200
48,8 %
58,0 %
84 529
166 000
13 280
48,8 %
58,0 %
84 949
167 000
13 360
48,9 %
58,0 %
85 369
168 000
13 440
48,9 %
58,0 %
85 788
169 000
13 520
49,0 %
58,0 %
86 208
170 000
13 600
49,0 %
58,0 %
86 628
171 000
13 680
49,1 %
58,0 %
87 048
172 000
13 760
49,1 %
58,0 %
87 468
173 000
13 840
49,2 %
58,0 %
87 887
174 000
13 920
49,2 %
58,0 %
88 307
175 000
14 000
49,3 %
58,0 %
88 727
176 000
14 080
49,3 %
58,0 %
89 147
177 000
14 160
49,4 %
58,0 %
89 567
178 000
14 240
49,4 %
58,0 %
89 987
179 000
14 320
49,5 %
58,0 %
90 406
180 000
14 400
49,5 %
58,0 %
90 826
181 000
14 480
49,6 %
58,0 %
91 246
182 000
14 560
49,6 %
58,0 %
91 666
183 000
14 640
49,7 %
58,0 %
92 086
184 000
14 720
49,7 %
58,0 %
92 505
185 000
14 800
49,8 %
58,0 %
92 925
186 000
14 880
49,8 %
58,0 %
93 345
187 000
14 960
49,9 %
58,0 %
93 765
188 000
15 040
49,9 %
58,0 %
94 185
189 000
15 120
49,9 %
58,0 %
94 604
190 000
15 200
50,0 %
58,0 %
95 024
191 000
15 280
50,0 %
58,0 %
95 444
192 000
15 360
50,1 %
58,0 %
95 864
193 000
15 440
50,1 %
58,0 %
96 284
194 000
15 520
50,2 %
58,0 %
96 703
195 000
15 600
50,2 %
58,0 %
97 123
196 000
15 680
50,2 %
58,0 %
97 543
197 000
15 760
50,3 %
58,0 %
97 963
198 000
15 840
50,3 %
58,0 %
98 383
199 000
15 920
50,4 %
58,0 %
98 802
200 000
16 000
50,4 %
58,0 %
99 222
205 000
16 400
50,6 %
58,0 %
101 321
210 000
16 800
50,8 %
58,0 %
103 420
215 000
17 200
50,9 %
58,0 %
105 519
220 000
17 600
51,1 %
58,0 %
107 618
225 000
18 000
51,2 %
58,0 %
109 717
230 000
18 400
51,4 %
58,0 %
111 816
235 000
18 800
51,5 %
58,0 %
113 915
240 000
19 200
51,7 %
58,0 %
116 014
245 000
19 600
51,8 %
58,0 %
118 113
250 000
20 000
51,9 %
58,0 %
120 212
255 000
20 400
52,0 %
58,0 %
122 311
260 000
20 800
52,1 %
58,0 %
124 410
265 000
21 200
52,3 %
58,0 %
126 509
270 000
21 600
52,4 %
58,0 %
128 608
275 000
22 000
52,5 %
58,0 %
130 707
280 000
22 400
52,6 %
58,0 %
132 806
285 000
22 800
52,7 %
58,0 %
134 905
290 000
23 200
52,8 %
58,0 %
137 004
295 000
23 600
52,8 %
58,0 %
139 104
300 000
24 000
52,9 %
58,0 %
141 203
305 000
24 400
53,0 %
58,0 %
143 302
310 000
24 800
53,1 %
58,0 %
145 401
315 000
25 200
53,2 %
58,0 %
147 500
320 000
25 600
53,3 %
58,0 %
149 599
325 000
26 000
53,3 %
58,0 %
151 698
330 000
26 400
53,4 %
58,0 %
153 797
335 000
26 800
53,5 %
58,0 %
155 896
340 000
27 200
53,5 %
58,0 %
157 995
345 000
27 600
53,6 %
58,0 %
160 094
350 000
28 000
53,7 %
58,0 %
162 193
355 000
28 400
53,7 %
58,0 %
164 292
360 000
28 800
53,8 %
58,0 %
166 391
365 000
29 200
53,8 %
58,0 %
168 490
370 000
29 600
53,9 %
58,0 %
170 589
375 000
30 000
53,9 %
58,0 %
172 688
380 000
30 400
54,0 %
58,0 %
174 787
385 000
30 800
54,1 %
58,0 %
176 886
390 000
31 200
54,1 %
58,0 %
178 985
395 000
31 600
54,2 %
58,0 %
181 084
400 000
32 000
54,2 %
58,0 %
183 183
405 000
32 400
54,3 %
58,0 %
185 282
410 000
32 800
54,3 %
58,0 %
187 381
415 000
33 200
54,3 %
58,0 %
189 480
420 000
33 600
54,4 %
58,0 %
191 579
425 000
34 000
54,4 %
58,0 %
193 678
430 000
34 400
54,5 %
58,0 %
195 777
435 000
34 800
54,5 %
58,0 %
197 876
440 000
35 200
54,6 %
58,0 %
199 975
445 000
35 600
54,6 %
58,0 %
202 074
450 000
36 000
54,6 %
58,0 %
204 173
455 000
36 400
54,7 %
58,0 %
206 272
460 000
36 800
54,7 %
58,0 %
208 371
465 000
37 200
54,7 %
58,0 %
210 470
470 000
37 600
54,8 %
58,0 %
212 569
475 000
38 000
54,8 %
58,0 %
214 668
480 000
38 400
54,8 %
58,0 %
216 767
485 000
38 800
54,9 %
58,0 %
218 866
490 000
39 200
54,9 %
58,0 %
220 965
495 000
39 600
54,9 %
58,0 %
223 064
500 000
40 000
55,0 %
58,0 %
225 163
505 000
40 400
55,0 %
58,0 %
227 262
510 000
40 800
55,0 %
58,0 %
229 361
515 000
41 200
55,1 %
58,0 %
231 460
520 000
41 600
55,1 %
58,0 %
233 559
525 000
42 000
55,1 %
58,0 %
235 658
530 000
42 400
55,1 %
58,0 %
237 757
535 000
42 800
55,2 %
58,0 %
239 856
540 000
43 200
55,2 %
58,0 %
241 955
545 000
43 600
55,2 %
58,0 %
244 054
550 000
44 000
55,2 %
58,0 %
246 153
555 000
44 400
55,3 %
58,0 %
248 252
560 000
44 800
55,3 %
58,0 %
250 351
565 000
45 200
55,3 %
58,0 %
252 450
570 000
45 600
55,3 %
58,0 %
254 549
575 000
46 000
55,4 %
58,0 %
256 648
580 000
46 400
55,4 %
58,0 %
258 747
585 000
46 800
55,4 %
58,0 %
260 846
590 000
47 200
55,4 %
58,0 %
262 945
595 000
47 600
55,5 %
58,0 %
265 045
600 000
48 000
55,5 %
58,0 %
267 144
650 000
52 000
55,7 %
58,0 %
288 134
700 000
56 000
55,8 %
58,0 %
309 124
750 000
60 000
56,0 %
58,0 %
330 114
800 000
64 000
56,1 %
58,0 %
351 104
850 000
68 000
56,2 %
58,0 %
372 094
900 000
72 000
56,3 %
58,0 %
393 085
950 000
76 000
56,4 %
58,0 %
414 075
1 000 000
80 000
56,5 %
58,0 %
435 065